WIDTH=1000
HEIGHT=800
AU=149600000000
G=6.67428e-11
SCALE=0.00000167677   # 250 / AU
TIMESTEP=86400
